center:
projection_x: [0 0 0 0 0 0 0 0 0 0 0 0 0 0 0 0 0 0 0 5 17 23 40 61 90 124 170 220 288 364 457 566 695 841 997 1176 1355 1563 1776 1999 2222 2457 2672 2880 3080 3256 3413 3534 3620 3678 3695 3678 3620 3534 3413 3256 3080 2880 2672 2457 2222 1999 1776 1563 1355 1176 997 841 695 566 457 364 288 220 170 124 90 61 40 23 17 5 0 0 0 0 0 0 0 0 0 0 0 0 0 0 0 0 0 0]
projection_y: [0 0 0 0 0 0 0 0 0 0 0 0 0 0 0 0 0 0 0 5 17 23 40 61 90 124 170 220 288 364 457 566 695 841 997 1176 1355 1563 1776 1999 2222 2457 2672 2880 3080 3256 3413 3534 3620 3678 3695 3678 3620 3534 3413 3256 3080 2880 2672 2457 2222 1999 1776 1563 1355 1176 997 841 695 566 457 364 288 220 170 124 90 61 40 23 17 5 0 0 0 0 0 0 0 0 0 0 0 0 0 0 0 0 0 0]
dot:
projection_x: [0 0 0 0 0 0 0 0 0 0 0 0 0 0 0 0 0 0 0 0 0 0 0 0 0 0 0 0 0 0 0 0 0 0 0 0 0 0 0 0 0 0 0 0 0 0 0 0 0 0 149 0 0 0 0 0 0 0 0 0 0 0 0 0 0 0 0 0 0 0 0 0 0 0 0 0 0 0 0 0 0 0 0 0 0 0 0 0 0 0 0 0 0 0 0 0 0 0 0 0]
projection_y: [0 0 0 0 0 0 0 0 0 0 0 0 0 0 0 0 0 0 0 0 0 0 0 0 0 0 0 0 0 0 0 0 0 0 0 0 0 0 0 0 0 0 0 0 0 0 0 0 0 0 149 0 0 0 0 0 0 0 0 0 0 0 0 0 0 0 0 0 0 0 0 0 0 0 0 0 0 0 0 0 0 0 0 0 0 0 0 0 0 0 0 0 0 0 0 0 0 0 0 0]
empty:
projection_x: [0 0 0 0 0 0 0 0 0 0 0 0 0 0 0 0 0 0 0 0 0 0 0 0 0 0 0 0 0 0 0 0 0 0 0 0 0 0 0 0 0 0 0 0 0 0 0 0 0 0 0 0 0 0 0 0 0 0 0 0 0 0 0 0 0 0 0 0 0 0 0 0 0 0 0 0 0 0 0 0 0 0 0 0 0 0 0 0 0 0 0 0 0 0 0 0 0 0 0 0]
projection_y: [0 0 0 0 0 0 0 0 0 0 0 0 0 0 0 0 0 0 0 0 0 0 0 0 0 0 0 0 0 0 0 0 0 0 0 0 0 0 0 0 0 0 0 0 0 0 0 0 0 0 0 0 0 0 0 0 0 0 0 0 0 0 0 0 0 0 0 0 0 0 0 0 0 0 0 0 0 0 0 0 0 0 0 0 0 0 0 0 0 0 0 0 0 0 0 0 0 0 0 0]
plane:
projection_x: [12598 12664 12728 12784 12846 12912 12964 13028 13078 13131 13180 13238 13289 13338 13380 13433 13478 13532 13571 13619 13660 13695 13737 13773 13811 13847 13867 13909 13935 13977 13999 14031 14049 14084 14107 14123 14145 14159 14180 14196 14214 14227 14242 14250 14266 14278 14284 14288 14288 14289 14289 14289 14288 14288 14284 14278 14266 14250 14242 14227 14214 14196 14180 14159 14145 14123 14107 14084 14049 14031 13999 13977 13935 13909 13867 13847 13811 13773 13737 13695 13660 13619 13571 13532 13478 13433 13380 13338 13289 13238 13180 13131 13078 13028 12964 12912 12846 12784 12728 12664]
projection_y: [12598 12664 12728 12784 12846 12912 12964 13028 13078 13131 13180 13238 13289 13338 13380 13433 13478 13532 13571 13619 13660 13695 13737 13773 13811 13847 13867 13909 13935 13977 13999 14031 14049 14084 14107 14123 14145 14159 14180 14196 14214 14227 14242 14250 14266 14278 14284 14288 14288 14289 14289 14289 14288 14288 14284 14278 14266 14250 14242 14227 14214 14196 14180 14159 14145 14123 14107 14084 14049 14031 13999 13977 13935 13909 13867 13847 13811 13773 13737 13695 13660 13619 13571 13532 13478 13433 13380 13338 13289 13238 13180 13131 13078 13028 12964 12912 12846 12784 12728 12664]
x_shifted:
projection_x: [0 0 0 0 0 0 0 0 0 0 0 0 0 0 0 0 0 0 0 0 0 0 0 0 0 0 0 0 0 0 0 0 0 0 0 0 0 0 0 0 0 0 0 0 5 17 23 40 61 90 124 170 220 288 364 457 566 695 841 997 1176 1355 1563 1776 1999 2222 2457 2672 2880 3080 3256 3413 3534 3620 3678 3695 3678 3620 3534 3413 3256 3080 2880 2672 2457 2222 1999 1776 1563 1355 1176 997 841 695 566 457 364 288 220 170]
projection_y: [0 0 0 0 0 0 0 0 0 0 0 0 0 0 0 0 0 0 0 5 17 23 40 61 90 124 170 220 288 364 457 566 694 839 995 1173 1351 1558 1770 1991 2213 2447 2660 2868 3065 3241 3397 3518 3603 3660 3677 3660 3603 3518 3397 3241 3065 2868 2660 2447 2213 1991 1770 1558 1351 1173 995 839 694 566 457 364 288 220 170 124 90 61 40 23 17 5 0 0 0 0 0 0 0 0 0 0 0 0 0 0 0 0 0 0]
y_shifted:
projection_x: [0 0 0 0 0 0 0 0 0 0 0 0 0 0 0 0 0 0 0 5 17 23 40 61 90 124 170 220 288 364 457 566 695 840 996 1174 1353 1560 1772 1994 2216 2451 2664 2872 3070 3246 3402 3523 3608 3666 3683 3666 3608 3523 3402 3246 3070 2872 2664 2451 2216 1994 1772 1560 1353 1174 996 840 695 566 457 364 288 220 170 124 90 61 40 23 17 5 0 0 0 0 0 0 0 0 0 0 0 0 0 0 0 0 0 0]
projection_y: [124 170 220 288 364 457 566 695 841 997 1176 1355 1563 1776 1999 2222 2457 2672 2880 3080 3256 3413 3534 3620 3678 3695 3678 3620 3534 3413 3256 3080 2880 2672 2457 2222 1999 1776 1563 1355 1176 997 841 695 566 457 364 288 220 170 124 90 61 40 23 17 5 0 0 0 0 0 0 0 0 0 0 0 0 0 0 0 0 0 0 0 0 0 0 0 0 0 0 0 0 0 0 0 0 0 0 0 0 0 0 0 0 0 0 0]
